state0[0] = 1.3877787807814457e-17
state0[1] = 0.0
state0[2] = 0.0
state0[3] = -0.0
state0[4] = 1.0
state0[5] = 1.0
state0[6] = -1.3877787807814457e-17
state0[7] = 0.0
state0[8] = 0.0
state0[9] = 1.0
state0[10] = 0.0
state0[11] = 1.0
state0[12] = 1.0
state0[13] = 1.0
state0[14] = 1.0
state0[15] = 1.0
linear0[0] = -0.0
linear0[1] = -0.0
linear0[2] = -0.0
linear0[3] = -0.0
linear0[4] = 1.0
linear0[5] = 1.0
linear0[6] = -0.0
linear0[7] = 1.0
state1[0] = 1.0
state1[1] = 1.0
state1[2] = 1.0
state1[3] = 1.0
state1[4] = 0.0
state1[5] = 1.0
state1[6] = 0.0
state1[7] = 0.0
state1[8] = -0.0
state1[9] = -0.0
state1[10] = -1.3877787807814457e-17
state1[11] = 0.0
state1[12] = 1.3877787807814457e-17
state1[13] = 0.0
state1[14] = 0.0
state1[15] = 1.0
linear1[0] = 1.0
linear1[1] = 0.0
linear1[2] = -0.0
linear1[3] = 0.0
linear1[4] = -1.3877787807814457e-17
linear1[5] = -1.3877787807814457e-17
linear1[6] = -0.0
linear1[7] = -0.0
state2[0] = 1.0
state2[1] = 1.0
state2[2] = 0.0
state2[3] = 1.0
state2[4] = 0.0
state2[5] = 0.0
state2[6] = 1.0
state2[7] = 1.0
state2[8] = -0.0
state2[9] = 0.0
state2[10] = 0.0
state2[11] = 0.0
state2[12] = 1.0
state2[13] = 1.0
state2[14] = -1.3877787807814457e-17
state2[15] = 0.0
linear2[0] = 0.0
linear2[1] = 0.0
linear2[2] = 1.0
linear2[3] = 1.0
linear2[4] = 0.0
linear2[5] = 0.0
linear2[6] = -1.3877787807814457e-17
linear2[7] = 0.0
state3[0] = -0.0
state3[1] = -0.0
state3[2] = -0.0
state3[3] = -0.0
state3[4] = 0.0
state3[5] = 0.0
state3[6] = 0.0
state3[7] = 1.0
state3[8] = 1.0
state3[9] = 1.0
state3[10] = 1.0
state3[11] = 0.0
state3[12] = 1.0
state3[13] = 1.0
state3[14] = 0.0
state3[15] = 0.0
linear3[0] = -0.0
linear3[1] = -0.0
linear3[2] = -0.0
linear3[3] = -0.0
linear3[4] = 1.0
linear3[5] = 1.0
linear3[6] = -0.0
linear3[7] = -0.0
state4[0] = -0.0
state4[1] = -0.0
state4[2] = 0.0
state4[3] = 0.0
state4[4] = 1.0
state4[5] = 1.0
state4[6] = 0.0
state4[7] = 0.0
state4[8] = 1.0
state4[9] = 1.0
state4[10] = 0.0
state4[11] = 1.0
state4[12] = 0.0
state4[13] = 0.0
state4[14] = 1.0
state4[15] = 0.0
linear4[0] = 0.0
linear4[1] = 0.0
linear4[2] = 0.0
linear4[3] = -0.0
linear4[4] = -0.0
linear4[5] = -0.0
linear4[6] = 1.0
linear4[7] = 1.0
state5[0] = 1.0
state5[1] = 1.0
state5[2] = -0.0
state5[3] = 1.0
state5[4] = 1.0
state5[5] = 1.0
state5[6] = 0.0
state5[7] = 0.0
state5[8] = 0.0
state5[9] = 0.0
state5[10] = -0.0
state5[11] = -0.0
state5[12] = 0.0
state5[13] = 0.0
state5[14] = 0.0
state5[15] = 1.0
linear5[0] = -0.0
linear5[1] = 1.0
linear5[2] = -0.0
linear5[3] = 1.0
linear5[4] = -0.0
linear5[5] = 0.0
linear5[6] = -0.0
linear5[7] = -0.0
state6[0] = 1.0
state6[1] = 1.0
state6[2] = 0.0
state6[3] = 1.0
state6[4] = 0.0
state6[5] = 0.0
state6[6] = 0.0
state6[7] = 1.0
state6[8] = 0.0
state6[9] = 0.0
state6[10] = 0.0
state6[11] = 1.0
state6[12] = 1.0
state6[13] = 1.0
state6[14] = 0.0
state6[15] = 0.0
